#ifndef IMAGE_AND_COL_H
#define IMAGE_AND_COL_H

const uint32_t input_image[3][5][5] = {
{{58786, 52316, 30818, 35577, 31059},
{48670, 20742, 5248, 252, 59047},
{53300, 24191, 28673, 26638, 41545},
{25504, 28072, 56358, 36329, 16392},
{9872, 34995, 55720, 50268, 55463}
},
{{31797, 25597, 38828, 27986, 29067},
{9902, 33246, 41943, 14703, 41674},
{26578, 21865, 45010, 50849, 62326},
{4849, 54720, 27324, 29403, 31130},
{29848, 39911, 48468, 55857, 45294}
},
{{58349, 141, 40116, 50494, 2101},
{39996, 33669, 53951, 42811, 3191},
{60954, 30651, 11606, 56679, 21809},
{34550, 32921, 34954, 44017, 43140},
{17350, 18273, 26353, 14624, 35262}
}};

const uint32_t golden_im2col[9][27] = {
{58786, 52316, 30818, 48670, 20742, 5248, 53300, 24191, 28673},
{52316, 30818, 35577, 20742, 5248, 252, 24191, 28673, 26638},
{30818, 35577, 31059, 5248, 252, 59047, 28673, 26638, 41545},
{48670, 20742, 5248, 53300, 24191, 28673, 25504, 28072, 56358},
{20742, 5248, 252, 24191, 28673, 26638, 28072, 56358, 36329},
{5248, 252, 59047, 28673, 26638, 41545, 56358, 36329, 16392},
{53300, 24191, 28673, 25504, 28072, 56358, 9872, 34995, 55720},
{24191, 28673, 26638, 28072, 56358, 36329, 34995, 55720, 50268},
{28673, 26638, 41545, 56358, 36329, 16392, 55720, 50268, 55463},
{31797, 25597, 38828, 9902, 33246, 41943, 26578, 21865, 45010},
{25597, 38828, 27986, 33246, 41943, 14703, 21865, 45010, 50849},
{38828, 27986, 29067, 41943, 14703, 41674, 45010, 50849, 62326},
{9902, 33246, 41943, 26578, 21865, 45010, 4849, 54720, 27324},
{33246, 41943, 14703, 21865, 45010, 50849, 54720, 27324, 29403},
{41943, 14703, 41674, 45010, 50849, 62326, 27324, 29403, 31130},
{26578, 21865, 45010, 4849, 54720, 27324, 29848, 39911, 48468},
{21865, 45010, 50849, 54720, 27324, 29403, 39911, 48468, 55857},
{45010, 50849, 62326, 27324, 29403, 31130, 48468, 55857, 45294},
{58349, 141, 40116, 39996, 33669, 53951, 60954, 30651, 11606},
{141, 40116, 50494, 33669, 53951, 42811, 30651, 11606, 56679},
{40116, 50494, 2101, 53951, 42811, 3191, 11606, 56679, 21809},
{39996, 33669, 53951, 60954, 30651, 11606, 34550, 32921, 34954},
{33669, 53951, 42811, 30651, 11606, 56679, 32921, 34954, 44017},
{53951, 42811, 3191, 11606, 56679, 21809, 34954, 44017, 43140},
{60954, 30651, 11606, 34550, 32921, 34954, 17350, 18273, 26353},
{30651, 11606, 56679, 32921, 34954, 44017, 18273, 26353, 14624},
{11606, 56679, 21809, 34954, 44017, 43140, 26353, 14624, 35262}};

#define IW 5
#define IH 5
#define CH 3
#define FW 3
#define FH 3
#define S 1
#define P 0
#endif
